

Bits        e       E       2^E     f       M       2^E*M       V       Decimal
---------------------------------------------------------------------------------
0 00 00     0       0       1       0.00    0.00    0/4         0       0
0 00 01     0       0       1       0.01    0.01    1/4         1/4     0.25
0 00 10     0       0       1       0.10    0.10    2/4         1/2     0.5
0 00 11     0       0       1       0.11    0.11    3/4         3/4     0.75
0 01 00     1       0       1       0.00    1.00    4/4         1       1
0 01 01     1       0       1       0.01    1.01    5/4         5/4     1.25
0 01 10     1       0       1       0.10    1.10    6/4         3/2     1.5
0 01 11     1       0       1       0.11    1.11    7/4         7/4     1.75
0 10 00     2       1       2       0.00    1.00    2*4/4       2       2
0 10 01     2       1       2       0.01    1.01    2*5/4       5/2     2.5
0 10 10     2       1       2       0.10    1.10    2*6/4       3       3
0 10 11     2       1       2       0.11    1.11    2*7/4       7/2     3.5
0 11 00                                                         +oo
0 11 01                                                         NaN
0 11 10                                                         NaN
0 11 11                                                         NaN
